1108244654
1142229347
1092314496
1839519716
1633284600
1478296246
1486694379
900195008
555206341
536526972
124984651
378022591
1169059111
1048592174
1437861136
498633061
1044665633
2016479606
1533304735
448917145
840404104
671829609
2118706184
1668483581
362083341
1713540236
1715040182
1154828840
251112294
638958903
1564047721
1750207567
1655065610
332027679
1226686047
1069380729
791270560
1665559696
612472027
928237718
1570114618
637330390
2110917141
1754540347
1461655072
971357071
427607803
1324062159
1287156099
1629779662
552861749
1933158521
1315166984
2109805164
245412084
1472293548
1531080502
1720938760
1507981524
43471974
489027038
657510597
1977239964
1310121270
1058352199
118360492
714931922
689808089
1487825317
580517151
733548536
46627125
1978042367
1911206609
1736569284
69709811
1234205862
753376261
431235915
24714780
916963589
1064389451
654723447
230766501
137115825
255717544
729984361
273080016
483275273
624360357
1019420857
781807833
1539296885
227250786
1178035936
1598234659
804457137
2101543694
981322849
418714183